0 1000 
-1000 1000 
0 1000 
-1000 1000 
-1000 1000 
-1000 1000 
-1000 1000 
0 1000 
-1000 1000 
3.15 1000 
-1000 1000 
0 1000 
0 1000 
0 1000 
0 1000 
0 1000 
-1000 1000 
0 1000 
-1000 1000 
-1000 1000 
0 1000 
0 1000 
0 1000 
0 1000 
-1000 1000 
-1000 1000 
0 1000 
-1000 1000 
-1000 1000 
0 1000 
0 1000 
0 10 
0 1000 
0 1000 
0 1000 
0 1000 
-1000 1000 
0 1000 
-1000 1000 
0 1000 
-1000 1000 
0 1000 
0 1000 
-1000 1000 
0 1000 
-1000 1000 
0 1000 
0 1000 
0 1000 
-1000 1000 
0 1000 
0 1000 
-1000 5 
0 1000 
0 1000 
0 1000 
-1000 1000 
-1000 1000 
0 1000 
-1000 1000 
0 1000 
0 1000 
0 1000 
0 1000 
-1000 1000 
0 1000 
-1000 1000 
-1000 1000 
0 1000 
0 1000 
0 1000 
0 1000 
-1000 1000 
-1000 1000 
0 1000 
-1000 1000 
-1000 1000 
-1000 1000 
